6000 6001
6000 6002
6000 6003
6000 6004
6000 6005
6000 6006
6000 6007
6000 6008
6001 6003
6001 6004
6001 6005
6001 6006
6001 6007
6001 6009
6001 6010
6002 6003
6002 6004
6002 6005
6002 6006
6002 6007
6002 6011
6002 6012
6002 6013
6002 6014
6002 6015
6003 6004
6003 6005
6003 6006
6003 6016
6004 6005
6004 6006
6004 6007
6004 6017
6004 6018
6004 6019
6004 6020
6004 6021
6005 6006
6005 6007
6005 6022
6007 6023
6007 6024
6008 6043
6008 6044
6008 6045
6008 6047
6008 6048
6008 6039
6008 6037
6008 6049
6008 6011
6008 6052
6008 6061
6008 6062
6009 6099
6009 6100
6009 6075
6009 6101
6009 6102
6009 6103
6009 6104
6009 6105
6009 6065
6009 6106
6009 6107
6009 6050
6009 6110
6010 6383
6010 6387
6010 6343
6010 6398
6010 6393
6010 6395
6010 6367
6011 6044
6011 6046
6011 6047
6011 6039
6011 6037
6011 6049
6011 6052
6012 6084
6012 6085
6012 6086
6012 6018
6012 6087
6012 6088
6012 6089
6012 6090
6013 6058
6013 6222
6013 6129
6013 6127
6013 6223
6013 6226
6013 6128
6014 6473
6014 7084
6014 6776
6014 6965
6014 7056
6014 6620
6014 6899
6014 6588
6014 7010
6014 6718
6014 6337
6015 6283
6015 6928
6015 6984
6015 7046
6015 6024
6015 6346
6015 6652
6015 6938
6015 6948
6015 7105
6015 7015
6015 6219
6015 7111
6015 7011
6015 6953
6016 6231
6016 6232
6016 6233
6016 6150
6016 6234
6016 6060
6017 6025
6017 6026
6017 6027
6017 6028
6017 6029
6017 6032
6017 6030
6017 6036
6018 6084
6018 6085
6018 6086
6018 6087
6018 6088
6018 6096
6019 6152
6019 6216
6019 6217
6019 6209
6019 6213
6019 6171
6019 6023
6020 6183
6020 6245
6020 6246
6020 6247
6020 6215
6020 6248
6020 6249
6020 6153
6020 6250
6020 6038
6020 6256
6021 6143
6021 6266
6021 6310
6021 6311
6021 6296
6021 6243
6021 6312
6021 6313
6021 6134
6021 6289
6021 6321
6022 6081
6022 6681
6022 6690
6022 6691
6022 6692
6022 6693
6022 6694
6022 6695
6022 6290
6023 6194
6023 6216
6023 6217
6023 6209
6023 6213
6023 6151
6023 6171
6024 6537
6024 6346
6024 6652
6024 6938
6024 6948
6024 7105
6024 7015
6024 7110
6024 6937
6024 7111
6043 6039
6043 6044
6043 6045
6043 6046
6043 6047
6043 6048
6043 6049
6043 6050
6043 6051
6044 6037
6044 6039
6044 6045
6044 6046
6044 6047
6044 6048
6044 6049
6044 6052
6044 6053
6045 6037
6045 6039
6045 6046
6045 6047
6045 6048
6045 6049
6045 6052
6045 6054
6045 6055
6045 6056
6047 6037
6047 6039
6047 6046
6047 6049
6047 6052
6048 6037
6048 6039
6048 6046
6048 6049
6048 6052
6048 6060
6048 6051
6039 6032
6039 6037
6039 6046
6039 6049
6039 6052
6039 6063
6039 6064
6037 6027
6037 6046
6037 6049
6037 6052
6049 6046
6049 6052
6049 6065
6049 6066
6052 6046
6052 6067
6052 6068
6061 6051
6061 6060
6061 6231
6061 6303
6061 6243
6061 6340
6061 6331
6061 6241
6061 6341
6061 6118
6061 6306
6062 6984
6062 6806
6062 7108
6062 6941
6062 7085
6062 6988
6062 7109
6062 7074
6062 6995
6062 6594
6062 6953
6099 6050
6099 6065
6099 6075
6099 6100
6099 6101
6099 6102
6099 6103
6099 6104
6099 6105
6099 6106
6099 6107
6100 6050
6100 6065
6100 6075
6100 6101
6100 6102
6100 6103
6100 6104
6100 6105
6100 6106
6100 6107
6100 6108
6100 6109
6075 6050
6075 6057
6075 6101
6075 6102
6075 6103
6075 6104
6075 6105
6075 6106
6075 6107
6101 6050
6101 6065
6101 6102
6101 6103
6101 6105
6101 6106
6101 6107
6101 6111
6102 6050
6102 6103
6102 6104
6102 6105
6102 6106
6102 6107
6103 6065
6103 6104
6103 6105
6103 6106
6103 6112
6104 6050
6104 6065
6104 6105
6104 6106
6104 6107
6104 6113
6104 6114
6104 6115
6105 6065
6105 6106
6105 6107
6065 6050
6065 6106
6065 6107
6106 6050
6106 6107
6106 6116
6107 6050
6050 6117
6050 6118
6110 6296
6110 6328
6110 6237
6110 6176
6110 6329
6110 6256
6110 6331
6110 6332
6383 6345
6383 6367
6383 6387
6383 6393
6383 6395
6383 6396
6387 6201
6387 6367
6387 6368
6387 6374
6387 6393
6387 6395
6387 6397
6343 6060
6343 6201
6343 6398
6343 6393
6343 6395
6343 6367
6343 6399
6398 6201
6398 6367
6398 6393
6398 6395
6393 6201
6393 6367
6393 6380
6393 6395
6393 6400
6395 6201
6395 6367
6395 6401
6395 6402
6367 6167
6367 6201
6367 6355
6046 6040
6046 6057
6046 6058
6046 6059
6084 6085
6084 6086
6084 6087
6084 6088
6084 6091
6085 6086
6085 6087
6085 6088
6085 6092
6085 6093
6085 6094
6086 6087
6086 6088
6086 6095
6087 6088
6087 6097
6088 6098
6089 6216
6089 6217
6089 6209
6089 6213
6089 6151
6089 6218
6090 7043
6090 7089
6090 6980
6090 7100
6090 7088
6090 7101
6090 6987
6090 6735
6090 7095
6058 6222
6058 6129
6058 6127
6058 6223
6058 6063
6058 6153
6058 6081
6222 6063
6222 6129
6222 6223
6222 6224
6129 6063
6129 6067
6129 6127
6129 6223
6127 6063
6127 6108
6223 6063
6223 6227
6223 6228
6226 6042
6226 6369
6226 6493
6226 6488
6226 6489
6226 6490
6226 6460
6226 6491
6226 6495
6128 6117
6128 6389
6128 6519
6128 6568
6128 6569
6128 6570
6128 6454
6473 6268
6473 6339
6473 6459
6473 6935
6473 7079
6473 6984
6473 7073
6473 7080
6473 6995
7084 6337
7084 6620
7084 6718
7084 6776
7084 6899
7084 6965
7084 7010
6776 6337
6776 6588
6776 6620
6776 6718
6776 6743
6776 6959
6776 6965
6776 7056
6776 6899
6776 7010
6776 7085
6965 6337
6965 6588
6965 6620
6965 6718
6965 6960
6965 7056
6965 7010
7056 6337
7056 6475
7056 6588
7056 6620
7056 6718
7056 6899
7056 7010
6620 6268
6620 6270
6620 6337
6620 6588
6620 6604
6620 6927
6620 6899
6620 7010
6620 6718
6899 6337
6899 6486
6899 6588
6899 6718
6899 6816
6899 7010
6588 6337
6588 6424
6588 7073
6588 7010
7010 6337
7010 6633
7010 6718
7010 6973
6718 6327
6718 6337
6718 6698
6718 6994
6718 7011
6337 6293
6283 6034
6283 6080
6283 6197
6283 6251
6283 6564
6283 6308
6283 6443
6283 6480
6283 6434
6283 6546
6283 6521
6283 6514
6283 6539
6283 6593
6928 6094
6928 6344
6928 6742
6928 6925
6928 6926
6928 6927
6928 6929
6928 6930
6928 6938
6984 6268
6984 6975
6984 7079
6984 7073
6984 7081
7046 6091
7046 6268
7046 6712
7046 6854
7046 7016
7046 7042
7046 7088
7046 7103
7046 7104
6346 6051
6346 6219
6346 6327
6346 6970
6346 6652
6346 6938
6346 6948
6346 7105
6346 7015
6346 7110
6346 6937
6346 7111
6346 7011
6652 6219
6652 6626
6652 6724
6652 7004
6652 7050
6652 6938
6652 7105
6652 7015
6652 7110
6652 6937
6652 7111
6652 7011
6652 7044
6938 6219
6938 6806
6938 6937
6938 7023
6938 7043
6938 6948
6938 7105
6938 7015
6938 7110
6938 7111
6938 7011
6948 6219
6948 6942
6948 7105
6948 7015
6948 7110
6948 7111
6948 7011
7105 6219
7105 6854
7105 6932
7105 6937
7105 7011
7105 7015
7105 7110
7105 7111
7015 6219
7015 6399
7015 6937
7015 7011
7015 7066
7015 7110
7015 7111
6219 6216
6219 6937
6219 7111
6219 7011
7111 6937
7111 7001
7111 7011
7011 6131
7011 6932
7011 6937
7011 6973
7011 7110
6953 6305
6953 6403
6953 6679
6953 6944
6953 7112
6953 7024
6953 7001
6953 7044
6953 7113
6953 7114
6953 7035
6231 6150
6231 6230
6231 6232
6231 6234
6232 6130
6232 6150
6232 6230
6232 6233
6232 6234
6232 6235
6232 6237
6232 6238
6233 6150
6233 6230
6233 6234
6233 6235
6150 6137
6150 6230
6150 6234
6150 6235
6150 6239
6234 6230
6234 6240
6234 6241
6060 6051
6060 6247
6060 6281
6060 6340
6060 6331
6060 6241
6060 6341
6060 6258
6060 6118
6060 6344
6025 6026
6025 6027
6025 6028
6025 6029
6025 6030
6025 6031
6026 6027
6026 6028
6026 6029
6026 6032
6026 6030
6026 6033
6026 6034
6026 6035
6027 6028
6027 6029
6027 6032
6027 6030
6028 6029
6028 6030
6028 6038
6029 6032
6029 6030
6032 6030
6032 6040
6032 6041
6032 6042
6036 6616
6036 6640
6036 6661
6036 6651
6036 6437
6036 6662
6036 6663
6036 6617
6096 6053
6096 6064
6096 6322
6096 6323
6096 6114
6096 6264
6096 6236
6096 6324
6152 6095
6152 6132
6152 6140
6152 6142
6152 6147
6152 6182
6152 6183
6152 6184
6152 6185
6152 6186
6152 6156
6152 6178
6152 6187
6152 6188
6152 6189
6216 6151
6216 6171
6216 6209
6216 6213
6216 6217
6217 6151
6217 6171
6217 6209
6217 6213
6217 6220
6209 6151
6209 6171
6209 6196
6209 6213
6213 6151
6213 6171
6213 6181
6213 6207
6171 6151
6171 6165
6183 6095
6183 6132
6183 6142
6183 6156
6183 6166
6183 6178
6183 6182
6183 6184
6183 6185
6183 6186
6183 6187
6183 6188
6183 6189
6183 6193
6245 6153
6245 6215
6245 6242
6245 6246
6245 6247
6245 6248
6245 6249
6245 6250
6246 6153
6246 6215
6246 6242
6246 6247
6246 6248
6246 6249
6246 6251
6246 6252
6246 6253
6247 6153
6247 6215
6247 6242
6247 6249
6247 6250
6247 6254
6247 6255
6215 6153
6215 6194
6215 6242
6215 6248
6215 6249
6215 6250
6248 6153
6248 6242
6248 6249
6248 6250
6248 6257
6249 6153
6249 6242
6249 6250
6153 6140
6153 6163
6153 6242
6153 6250
6250 6258
6038 6271
6038 6272
6038 6273
6038 6274
6038 6251
6038 6279
6038 6097
6038 6275
6038 6277
6038 6287
6256 6076
6256 6176
6256 6237
6256 6328
6256 6329
6143 6051
6143 6134
6143 6136
6143 6266
6143 6310
6143 6311
6143 6296
6143 6312
6143 6313
6143 6289
6143 6176
6143 6314
6266 6134
6266 6214
6266 6241
6266 6243
6266 6261
6266 6310
6266 6296
6266 6312
6266 6313
6266 6289
6266 6315
6266 6316
6310 6134
6310 6154
6310 6243
6310 6289
6310 6296
6310 6311
6310 6312
6310 6313
6311 6243
6311 6258
6311 6289
6311 6296
6311 6312
6311 6313
6311 6317
6311 6318
6296 6134
6296 6243
6296 6252
6296 6289
6296 6312
6296 6313
6243 6134
6243 6235
6243 6277
6243 6300
6243 6312
6243 6313
6243 6289
6243 6319
6312 6134
6312 6289
6312 6313
6312 6320
6313 6134
6313 6236
6313 6289
6134 6122
6134 6289
6134 6177
6289 6130
6321 6669
6321 6658
6321 6670
6321 6410
6321 6671
6321 6672
6321 6673
6321 6674
6321 6675
6081 6041
6081 6072
6081 6259
6081 6262
6081 6263
6081 6144
6681 6672
6681 6690
6681 6691
6681 6692
6681 6693
6681 6694
6690 6691
6690 6692
6690 6693
6690 6694
6690 6695
6690 6696
6690 6697
6691 6278
6691 6692
6691 6693
6691 6694
6691 6695
6691 6698
6691 6699
6692 6678
6692 6693
6692 6694
6692 6695
6693 6694
6693 6695
6694 6695
6694 6700
6290 6092
6290 6210
6290 6218
6290 6705
6290 6698
6290 6715
6290 6717
6290 6665
6290 6720
6194 6031
6194 6033
6194 6078
6194 6133
6194 6148
6194 6168
6194 6179
6194 6181
6194 6185
6194 6190
6194 6196
6194 6204
6194 6205
6194 6207
6194 6208
6151 6138
6151 6157
6151 6185
6151 6221
6537 6284
6537 6502
6537 6847
6537 6644
6537 6851
6537 6848
6537 6709
6537 6760
6537 6761
6537 6852
6537 6697
6537 6849
6537 6850
7110 6594
7110 6937
6937 6927
6937 7026
6937 7035
6031 6132
6031 6204
6031 6205
6031 6133
6031 6179
6031 6206
6031 6207
6031 6078
6031 6181
6031 6033
6031 6208
6031 6168
6031 6210
6033 6141
6033 6095
6033 6196
6033 6204
6033 6205
6033 6133
6033 6179
6033 6206
6033 6207
6033 6190
6033 6078
6033 6181
6033 6148
6033 6208
6034 6564
6034 6443
6034 6480
6034 6434
6034 6521
6034 6514
6034 6539
6034 6595
6035 6558
6035 6747
6035 6748
6035 6749
6035 6753
6035 6199
6035 6733
6035 6553
6035 6750
6035 6255
6035 6751
6035 6759
6035 6760
6132 6095
6132 6122
6132 6136
6132 6142
6132 6166
6132 6182
6132 6185
6132 6186
6132 6156
6132 6178
6132 6187
6132 6188
6132 6189
6132 6147
6204 6078
6204 6133
6204 6148
6204 6168
6204 6179
6204 6181
6204 6190
6204 6196
6204 6205
6204 6206
6204 6207
6204 6208
6204 6211
6205 6078
6205 6148
6205 6168
6205 6179
6205 6190
6205 6196
6205 6206
6205 6207
6205 6208
6205 6212
6133 6078
6133 6122
6133 6178
6133 6196
6133 6179
6133 6206
6133 6207
6133 6190
6133 6181
6133 6148
6133 6208
6133 6168
6179 6148
6179 6161
6179 6168
6179 6187
6179 6196
6179 6206
6179 6207
6179 6181
6179 6208
6206 6078
6206 6148
6206 6181
6206 6190
6206 6196
6206 6207
6206 6208
6207 6078
6207 6148
6207 6168
6207 6181
6207 6190
6207 6196
6207 6208
6207 6214
6078 6063
6078 6071
6078 6196
6078 6181
6078 6148
6078 6208
6078 6168
6181 6148
6181 6163
6181 6168
6181 6196
6181 6190
6181 6208
6208 6148
6208 6196
6168 6148
6168 6149
6168 6196
6168 6190
6210 6092
6210 6698
6210 6715
6210 6716
6210 6717
6210 6665
6210 6721
6040 6069
6040 6057
6040 6070
6040 6071
6040 6072
6040 6073
6040 6074
6041 6259
6041 6260
6041 6261
6041 6212
6041 6262
6041 6173
6041 6263
6041 6116
6041 6269
6042 6404
6042 6405
6042 6406
6042 6368
6042 6407
6042 6359
6042 6408
6042 6412
6042 6413
6141 6095
6141 6136
6141 6137
6141 6138
6141 6139
6141 6140
6141 6145
6141 6156
6095 6142
6095 6166
6095 6182
6095 6184
6095 6185
6095 6186
6095 6156
6095 6178
6095 6188
6095 6147
6095 6200
6196 6148
6196 6178
6196 6188
6196 6190
6190 6148
6190 6166
6148 6145
6564 6425
6564 6434
6564 6443
6564 6462
6564 6480
6564 6521
6564 6539
6564 6546
6443 6308
6443 6431
6443 6434
6443 6533
6443 6480
6443 6546
6443 6521
6443 6514
6443 6539
6480 6308
6480 6434
6480 6440
6480 6546
6480 6521
6480 6514
6480 6539
6434 6308
6434 6402
6434 6546
6434 6521
6434 6514
6434 6539
6521 6192
6521 6308
6521 6456
6521 6514
6521 6578
6521 6546
6521 6539
6514 6197
6514 6308
6514 6319
6514 6546
6539 6366
6539 6533
6539 6546
6595 6265
6595 6326
6595 6417
6595 6472
6595 6883
6595 6833
6595 6860
6595 6897
6595 6814
6595 6895
6595 6896
6595 6816
6595 6777
6558 6461
6558 6554
6558 6555
6558 6556
6558 6557
6558 6559
6558 6562
6747 6199
6747 6255
6747 6553
6747 6733
6747 6748
6747 6749
6747 6750
6747 6751
6747 6752
6748 6199
6748 6255
6748 6733
6748 6749
6748 6753
6748 6750
6748 6751
6748 6754
6748 6755
6749 6199
6749 6255
6749 6304
6749 6553
6749 6733
6749 6753
6749 6750
6749 6751
6749 6756
6753 6199
6753 6255
6753 6553
6753 6733
6753 6750
6753 6751
6753 6757
6199 6187
6199 6733
6199 6553
6199 6750
6199 6255
6199 6751
6199 6758
6733 6255
6733 6553
6733 6728
6733 6750
6553 6255
6553 6388
6553 6750
6553 6751
6553 6761
6750 6255
6750 6751
6750 6762
6255 6751
6255 6763
6255 6764
6255 6765
6751 6743
6759 6253
6759 6472
6759 6572
6759 6839
6759 6829
6759 6840
6759 6841
6760 6059
6760 6284
6760 6495
6760 6644
6760 6824
6760 6847
6760 6851
6760 6848
6760 6761
6760 6852
6760 6849
6760 6842
6760 6850
6616 6083
6616 6221
6616 6571
6616 6602
6616 6609
6616 6615
6616 6621
6616 6623
6616 6624
6616 6625
6640 6316
6640 6437
6640 6509
6640 6606
6640 6661
6640 6651
6640 6662
6640 6642
6661 6316
6661 6437
6661 6617
6661 6642
6661 6651
6661 6662
6661 6663
6651 6316
6651 6437
6651 6583
6651 6606
6651 6617
6651 6626
6651 6642
6651 6662
6651 6663
6651 6664
6437 6316
6437 6427
6437 6571
6437 6606
6437 6662
6437 6663
6437 6617
6437 6642
6437 6666
6662 6316
6662 6617
6662 6642
6662 6663
6662 6667
6663 6316
6663 6606
6663 6617
6617 6316
6617 6606
6617 6608
6271 6097
6271 6251
6271 6272
6271 6273
6271 6274
6271 6275
6271 6276
6271 6277
6271 6278
6272 6097
6272 6251
6272 6273
6272 6274
6272 6279
6272 6275
6272 6276
6272 6277
6272 6280
6273 6097
6273 6251
6273 6274
6273 6279
6273 6277
6273 6281
6274 6251
6274 6279
6274 6275
6274 6276
6274 6277
6251 6097
6251 6279
6251 6275
6251 6276
6251 6277
6251 6282
6251 6284
6279 6097
6279 6220
6279 6275
6279 6276
6279 6277
6097 6275
6097 6276
6097 6277
6097 6285
6097 6286
6275 6176
6275 6276
6275 6277
6277 6276
6287 6056
6287 6079
6287 6130
6287 6174
6287 6203
6287 6211
6287 6218
6287 6239
6287 6240
6287 6252
6287 6257
6287 6281
6287 6285
6287 6288
6287 6297
6063 6159
6063 6189
6063 6229
6064 6053
6064 6322
6064 6309
6064 6323
6064 6114
6064 6236
6064 6324
6069 6057
6069 6070
6069 6071
6069 6072
6057 6070
6057 6071
6057 6072
6057 6076
6057 6077
6070 6071
6071 6072
6071 6079
6071 6080
6072 6082
6072 6083
6073 6300
6073 6200
6073 6177
6073 6293
6073 6280
6073 6333
6073 6336
6073 6315
6073 6154
6073 6339
6074 6741
6074 6906
6074 6853
6074 6831
6074 6195
6074 6894
6074 6866
6259 6173
6259 6212
6259 6260
6259 6261
6259 6262
6259 6263
6259 6264
6259 6265
6260 6173
6260 6212
6260 6261
6260 6262
6260 6263
6261 6173
6261 6212
6261 6262
6261 6263
6261 6267
6261 6268
6212 6173
6212 6262
6212 6263
6262 6173
6262 6263
6173 6159
6173 6263
6173 6270
6116 6079
6116 6130
6116 6218
6116 6288
6116 6239
6116 6240
6116 6285
6116 6281
6116 6252
6116 6203
6116 6174
6116 6291
6269 6671
6269 6601
6269 6659
6269 6683
6269 6684
6269 6629
6269 6685
6269 6686
6269 6687
6269 6475
6404 6359
6404 6368
6404 6405
6404 6406
6404 6407
6404 6408
6404 6409
6404 6410
6405 6318
6405 6359
6405 6368
6405 6369
6405 6407
6405 6408
6405 6411
6406 6359
6406 6368
6406 6407
6406 6408
6368 6355
6368 6359
6368 6407
6368 6408
6407 6359
6407 6408
6407 6414
6359 6201
6359 6307
6359 6379
6359 6416
6408 6417
6412 6320
6412 6400
6412 6409
6412 6499
6412 6487
6412 6551
6412 6563
6412 6562
6413 6366
6413 6478
6413 6578
6413 6454
6413 6579
6413 6540
6413 6580
6413 6581
6413 6582
6413 6547
6413 6414
6413 6565
6051 6340
6051 6331
6051 6241
6051 6341
6051 6258
6051 6306
6051 6345
6053 6322
6053 6309
6053 6323
6053 6114
6053 6236
6053 6324
6053 6200
6053 6327
6054 6185
6054 6299
6054 6300
6054 6301
6054 6302
6054 6169
6054 6175
6054 6214
6054 6303
6054 6307
6054 6308
6055 6440
6055 6476
6055 6477
6055 6385
6055 6478
6055 6479
6055 6426
6055 6481
6056 6596
6056 6238
6056 6597
6056 6598
6056 6599
6056 6608
6056 6609
6059 6422
6059 7027
6059 6970
6059 7040
6059 6327
6059 7041
6059 7030
6059 7042
6059 6420
6059 6511
6059 7022
6066 6411
6066 6390
6066 6915
6066 6818
6066 6898
6066 6330
6066 6799
6066 6820
6066 6838
6066 6867
6066 6858
6066 6762
6066 6834
6066 6396
6066 6921
6117 6067
6117 6120
6117 6121
6117 6122
6117 6125
6117 6126
6117 6123
6118 6340
6118 6331
6118 6241
6118 6341
6118 6258
6118 6306
6340 6241
6340 6258
6340 6306
6340 6331
6340 6341
6331 6241
6331 6258
6331 6306
6331 6341
6241 6341
6241 6258
6241 6306
6341 6258
6341 6306
6341 6342
6258 6306
6306 6236
6306 6302
6345 6348
6345 6371
6345 6372
6345 6373
6345 6374
6345 6375
6345 6376
6345 6377
6345 6378
6345 6379
6345 6380
6345 6384
6345 6385
6345 6386
6067 6119
6067 6108
6067 6120
6067 6121
6067 6122
6067 6125
6067 6126
6067 6123
6067 6130
6068 6766
6068 6767
6068 6768
6068 6180
6068 6773
6068 6769
6068 6770
6068 6743
6068 6775
6068 6778
6322 6114
6322 6236
6322 6264
6322 6309
6322 6323
6322 6324
6309 6114
6309 6236
6309 6264
6309 6303
6309 6323
6309 6324
6309 6325
6323 6236
6323 6264
6323 6280
6114 6136
6114 6264
6114 6236
6114 6154
6236 6230
6236 6300
6236 6264
6236 6324
6324 6237
6324 6264
6324 6326
6200 6154
6200 6164
6200 6177
6200 6198
6200 6293
6200 6280
6200 6333
6200 6336
6200 6315
6327 6943
6327 6966
6327 6618
6327 6742
6327 6970
6327 7040
6327 7041
6327 7030
6327 7042
6327 6420
6327 6511
6327 7022
6185 6142
6185 6147
6185 6166
6185 6178
6185 6184
6185 6186
6185 6187
6185 6188
6185 6189
6299 6169
6299 6175
6299 6214
6299 6300
6299 6301
6299 6302
6299 6303
6300 6169
6300 6175
6300 6214
6300 6301
6300 6302
6300 6303
6300 6304
6300 6305
6301 6169
6301 6175
6301 6214
6301 6302
6301 6303
6302 6169
6302 6175
6302 6214
6302 6303
6169 6149
6169 6154
6169 6175
6169 6214
6169 6303
6175 6159
6175 6214
6214 6303
6307 6347
6307 6348
6307 6349
6307 6350
6307 6351
6307 6352
6307 6353
6307 6354
6307 6355
6307 6356
6307 6360
6307 6361
6308 6382
6308 6546
6308 6594
6440 6385
6440 6426
6440 6431
6440 6476
6440 6477
6440 6478
6440 6479
6476 6385
6476 6426
6476 6477
6476 6478
6476 6479
6477 6385
6477 6426
6477 6478
6477 6479
6477 6482
6477 6483
6385 6479
6385 6426
6385 6484
6385 6485
6478 6426
6478 6469
6478 6479
6478 6486
6479 6426
6426 6394
6426 6487
6481 6267
6481 7033
6481 7034
6481 7038
6481 6922
6481 7012
6481 7020
6481 6494
6481 7060
6596 6238
6596 6597
6596 6598
6596 6599
6238 6503
6238 6597
6238 6598
6238 6599
6238 6600
6238 6601
6597 6598
6597 6599
6597 6602
6598 6599
6598 6603
6599 6604
6599 6605
6599 6606
6599 6607
6608 6077
6608 6501
6608 6604
6608 6615
6608 6610
6608 6611
6608 6612
6608 6613
6609 6083
6609 6411
6609 6571
6609 6600
6609 6602
6609 6621
6609 6623
6609 6624
6609 6625
6609 6635
6076 6328
6076 6237
6076 6176
6076 6329
6077 6501
6077 6612
6077 6604
6077 6613
6077 6530
6077 6172
6077 6618
6422 6192
6422 6318
6422 6362
6422 6401
6422 6498
6422 6542
6422 6543
6422 6529
6422 6544
6422 6516
6422 6545
6422 6546
7027 6193
7027 6344
7027 6416
7027 6742
7027 6835
7027 6934
7027 6952
7027 7025
7027 7026
7027 7028
7027 7029
7027 7033
7027 7034
6970 6420
6970 6511
6970 6755
6970 7040
6970 7041
6970 7030
6970 7042
6970 7022
6970 7043
7040 6420
7040 6511
7040 6708
7040 7022
7040 7030
7040 7041
7040 7042
7040 7044
7041 6420
7041 6511
7041 6758
7041 7022
7041 7030
7041 7032
7041 7042
7041 7045
7030 6420
7030 6742
7030 7022
7030 7025
7030 7042
7042 6109
7042 6420
7042 6511
7042 6922
7042 7022
6420 6418
6420 6511
6420 7022
6420 7031
6511 6504
6511 6933
6511 7022
7022 6244
7022 7047
6281 6079
6281 6130
6281 6174
6281 6203
6281 6211
6281 6218
6281 6239
6281 6240
6281 6252
6281 6257
6281 6288
6281 6285
6344 6193
6344 7025
6344 7026
6344 6934
6344 6416
6344 7028
6344 7029
6344 6952
6344 6742
6344 6835
6344 6963
6344 6947
6806 6131
6806 6583
6806 6679
6806 6745
6806 6801
6806 7032
6806 7106
6806 7053
6806 7107
6806 7082
6806 6921
6806 6932
7108 6941
7108 6988
7108 6995
7108 7060
7108 7074
7108 7085
7108 7109
6941 6109
6941 6594
6941 6933
6941 7085
6941 6988
6941 7109
6941 7060
6941 7074
6941 6995
7085 6403
7085 6594
7085 6988
7085 6995
7085 7057
7085 7060
7085 7074
7085 7109
6988 6594
6988 6979
6988 7109
6988 7060
6988 7074
6988 6995
7109 6594
7109 6995
7109 7060
7109 7074
7074 6522
7074 6594
7074 6995
7074 7060
6995 6594
6995 6992
6995 7097
6995 7060
6159 6113
6159 6146
6159 6157
6159 6158
6159 6160
6159 6161
6159 6162
6159 6163
6159 6174
6189 6142
6189 6156
6189 6166
6189 6178
6189 6182
6189 6184
6189 6186
6189 6187
6189 6188
6189 6202
6229 6109
6229 6561
6229 6593
6229 7093
6229 6633
6229 6391
6229 7102
6229 6650
6411 6083
6411 6221
6411 6621
6411 6571
6411 6622
6411 6623
6411 6602
6411 6624
6411 6625
6411 6600
6411 6509
6411 6628
6411 6629
6411 6630
6390 6375
6390 6822
6390 6458
6390 6824
6390 6764
6390 6825
6390 6826
6390 6804
6390 6807
6390 6700
6390 6827
6915 6144
6915 6330
6915 6396
6915 6762
6915 6799
6915 6820
6915 6834
6915 6858
6915 6867
6915 6898
6818 6330
6818 6396
6818 6762
6818 6799
6818 6813
6818 6860
6818 6898
6818 6820
6818 6838
6818 6867
6818 6858
6818 6834
6898 6330
6898 6762
6898 6799
6898 6816
6898 6820
6898 6831
6898 6834
6898 6838
6898 6858
6898 6866
6898 6867
6898 6920
6330 6328
6330 6799
6330 6820
6330 6838
6330 6867
6330 6858
6330 6834
6799 6292
6799 6396
6799 6762
6799 6838
6799 6867
6799 6858
6799 6834
6820 6396
6820 6666
6820 6762
6820 6910
6820 6838
6820 6867
6820 6858
6820 6834
6820 6832
6838 6396
6838 6774
6838 6794
6838 6834
6838 6867
6838 6858
6867 6396
6867 6744
6867 6762
6867 6834
6867 6858
6867 6922
6858 6115
6858 6396
6858 6709
6858 6762
6858 6834
6762 6396
6762 6472
6762 6737
6762 6797
6762 6842
6762 6834
6834 6396
6834 6825
6834 6896
6396 6360
6396 6394
6396 6777
6396 6861
6921 6131
6921 6583
6921 6745
6921 7032
6921 7106
6921 7053
6921 7107
6921 7082
6921 6932
6119 6108
6119 6120
6119 6121
6119 6122
6119 6123
6108 6120
6108 6121
6108 6122
6108 6125
6108 6126
6108 6123
6120 6121
6120 6122
6120 6126
6120 6123
6120 6130
6120 6131
6121 6122
6121 6125
6121 6126
6121 6123
6122 6125
6122 6126
6122 6123
6122 6135
6125 6123
6125 6126
6126 6123
6130 6079
6130 6218
6130 6288
6130 6239
6130 6240
6130 6285
6130 6252
6130 6211
6130 6203
6130 6257
6130 6174
6766 6577
6766 6739
6766 6743
6766 6767
6766 6768
6766 6769
6766 6770
6766 6771
6766 6772
6767 6180
6767 6739
6767 6743
6767 6768
6767 6773
6767 6770
6767 6771
6768 6180
6768 6739
6768 6743
6768 6773
6768 6769
6768 6770
6768 6771
6768 6774
6180 6161
6180 6773
6180 6770
6180 6743
6180 6739
6180 6771
6180 6775
6773 6739
6773 6743
6773 6769
6773 6770
6773 6771
6769 6448
6769 6739
6769 6743
6769 6770
6769 6771
6770 6739
6770 6743
6770 6771
6743 6731
6743 6739
6743 6771
6775 6517
6775 6763
6775 6779
6775 6780
6775 6781
6775 6782
6775 6783
6775 6784
6775 6786
6778 6135
6778 6170
6778 6560
6778 6800
6778 6801
6778 6785
6778 6802
6778 6797
6778 6803
6079 6218
6079 6288
6079 6239
6079 6240
6079 6285
6079 6252
6079 6211
6079 6203
6079 6257
6079 6174
6080 6784
6080 6790
6080 6795
6080 6792
6080 6607
6080 6448
6080 6719
6080 6471
6080 6793
6080 6796
6082 6349
6082 6338
6082 6503
6082 6504
6082 6505
6082 6507
6082 6468
6082 6508
6082 6482
6082 6484
6083 6621
6083 6571
6083 6622
6083 6623
6083 6602
6083 6221
6083 6624
6083 6625
6083 6600
6083 6436
6177 6154
6177 6160
6177 6164
6177 6198
6177 6293
6177 6280
6177 6333
6177 6336
6177 6315
6293 6164
6293 6198
6293 6239
6293 6280
6293 6333
6293 6336
6293 6315
6280 6154
6280 6164
6280 6198
6280 6333
6280 6315
6333 6154
6333 6164
6333 6198
6333 6315
6333 6336
6333 6338
6336 6154
6336 6198
6336 6315
6315 6154
6154 6140
6154 6198
6339 6298
6339 6566
6339 6989
6339 6994
6339 6920
6339 6990
6339 6991
6339 6993
6741 6195
6741 6561
6741 6754
6741 6871
6741 6906
6741 6853
6741 6831
6741 6894
6741 6866
6906 6195
6906 6831
6906 6853
6906 6866
6906 6894
6906 6901
6853 6787
6853 6831
6853 6847
6853 6914
6853 6894
6853 6866
6831 6195
6831 6458
6831 6894
6831 6866
6195 6156
6195 6895
6195 6894
6195 6866
6894 6777
6894 6866
6894 6883
6866 6819
6866 6912
6866 6893
6328 6176
6328 6237
6328 6329
6237 6176
6237 6329
6176 6160
6176 6329
6329 6291
6501 6460
6501 6610
6501 6611
6501 6612
6501 6604
6501 6613
6501 6614
6612 6314
6612 6604
6612 6610
6612 6615
6604 6615
6604 6610
6604 6611
6604 6613
6604 6619
6613 6512
6613 6610
6613 6611
6530 6325
6530 6436
6530 6512
6530 6525
6530 6645
6530 6550
6530 6626
6530 6646
6530 6647
6530 6648
6530 6641
6172 6165
6172 6685
6172 6701
6172 6689
6172 6660
6172 6702
6172 6703
6172 6278
6172 6704
6618 6520
6618 6566
6618 6592
6618 6968
6618 6939
6618 6975
6618 6976
6618 6977
6618 6978
6618 6979
6618 6974
6218 6174
6218 6203
6218 6211
6218 6288
6218 6240
6218 6285
6218 6252
6218 6257
6288 6174
6288 6211
6288 6239
6288 6240
6288 6252
6288 6257
6288 6285
6288 6292
6239 6211
6239 6276
6239 6240
6239 6285
6239 6252
6239 6257
6240 6174
6240 6203
6240 6211
6240 6285
6240 6252
6240 6257
6240 6294
6240 6295
6285 6174
6285 6203
6285 6211
6285 6252
6285 6257
6252 6174
6252 6203
6252 6211
6252 6257
6211 6174
6211 6203
6203 6147
6203 6174
6203 6257
6203 6298
6257 6174
6784 6517
6784 6763
6784 6779
6784 6780
6784 6781
6784 6782
6784 6783
6790 6292
6790 6448
6790 6471
6790 6607
6790 6719
6790 6785
6790 6791
6790 6792
6790 6793
6790 6794
6795 6292
6795 6448
6795 6471
6795 6607
6795 6668
6795 6697
6795 6719
6795 6734
6795 6791
6795 6792
6795 6793
6792 6292
6792 6471
6792 6607
6792 6719
6792 6791
6792 6793
6607 6292
6607 6448
6607 6471
6607 6731
6607 6791
6607 6719
6607 6793
6448 6202
6448 6292
6448 6791
6448 6719
6448 6471
6448 6793
6719 6471
6719 6715
6719 6791
6719 6793
6471 6292
6471 6464
6471 6791
6471 6793
6793 6713
6793 6791
6796 6093
6796 6224
6796 6286
6796 6304
6796 6548
6796 6737
6796 6756
6796 6789
6796 6794
6796 6901
6796 6903
6796 6904
6144 6136
6144 6139
6144 6841
6144 6910
6144 6911
6144 6912
6144 6869
6144 6913
6144 6805
6144 6386
6144 6830
6144 6914
6144 6787
6349 6347
6349 6348
6349 6350
6349 6351
6349 6352
6349 6353
6349 6354
6349 6355
6349 6356
6338 6197
6338 6364
6338 6503
6338 6504
6338 6505
6338 6506
6338 6507
6338 6468
6338 6492
6338 6508
6338 6484
6338 6457
6338 6509
6503 6457
6503 6468
6503 6482
6503 6484
6503 6492
6503 6504
6503 6505
6503 6506
6503 6507
6503 6508
6504 6197
6504 6457
6504 6468
6504 6482
6504 6484
6504 6492
6504 6505
6504 6506
6504 6507
6504 6508
6504 6510
6505 6197
6505 6457
6505 6482
6505 6484
6505 6492
6505 6506
6505 6507
6505 6508
6505 6512
6507 6197
6507 6457
6507 6468
6507 6470
6507 6482
6507 6484
6507 6492
6507 6506
6507 6508
6468 6197
6468 6457
6468 6463
6468 6506
6468 6492
6468 6482
6468 6484
6508 6197
6508 6457
6508 6482
6508 6484
6508 6492
6508 6506
6482 6197
6482 6457
6482 6506
6482 6492
6482 6484
6482 6515
6484 6197
6484 6457
6484 6506
6484 6492
6621 6221
6621 6571
6621 6600
6621 6602
6621 6622
6621 6623
6621 6624
6621 6625
6621 6626
6571 6221
6571 6389
6571 6610
6571 6622
6571 6602
6571 6624
6571 6625
6622 6221
6622 6509
6622 6600
6622 6602
6622 6623
6622 6625
6623 6221
6623 6600
6623 6602
6623 6624
6623 6625
6623 6631
6602 6221
6602 6600
6602 6624
6602 6625
6602 6632
6602 6633
6221 6624
6221 6625
6221 6600
6221 6634
6624 6600
6624 6625
6625 6600
6600 6603
6436 6325
6436 6427
6436 6645
6436 6550
6436 6626
6436 6646
6436 6647
6436 6512
6436 6648
6436 6641
6091 6712
6091 7002
6091 6854
6091 6890
6091 7103
6091 6155
6091 7104
6092 6670
6092 6698
6092 6715
6092 6716
6092 6717
6092 6665
6092 6227
6093 6648
6093 6732
6093 6852
6093 6224
6093 6737
6093 6901
6093 6905
6093 6304
6093 6548
6093 6286
6093 6789
6093 6794
6093 6903
6093 6904
6093 6908
6094 6925
6094 6926
6094 6927
6094 6929
6094 6930
6094 6933
6098 6353
6098 6418
6098 6401
6098 6419
6098 6421
6098 6397
6098 6357
6098 6381
6098 6167
7043 6735
7043 6931
7043 6980
7043 6987
7043 7089
7043 7100
7043 7088
7043 7101
7043 7095
7089 6735
7089 6924
7089 6980
7089 6987
7089 7088
7089 7100
7089 7101
7089 7095
6980 6592
6980 6735
6980 7100
6980 7088
6980 6987
6980 7095
7100 6735
7100 6987
7100 7088
7100 7095
7100 7101
7088 6735
7088 6987
7088 7086
7088 7101
7088 7095
7101 6735
7101 6987
7101 7095
7101 7102
6987 6735
6987 6978
6987 7095
6735 6244
6735 6515
6735 6728
6735 7095
7095 6677
6712 6155
6712 6193
6712 6475
6712 6536
6712 6989
6712 7002
6712 6854
6712 6890
6712 7103
6712 7016
6712 7104
7002 6155
7002 6854
7002 6890
7002 6949
7002 7103
7002 7016
7002 7104
6854 6155
6854 6593
6854 6847
6854 7070
6854 6890
6854 7103
6854 7016
6854 7104
6890 6109
6890 6155
6890 6865
6890 6979
6890 7014
6890 7103
6890 7016
6890 7104
7103 6155
7103 7016
7103 7104
6155 6140
6155 7020
6155 7102
6155 7016
6155 7104
7104 7016
7104 7053
6670 6410
6670 6658
6670 6669
6670 6671
6670 6672
6670 6673
6670 6674
6670 6675
6698 6665
6698 6715
6698 6716
6698 6717
6715 6716
6715 6717
6716 6665
6716 6717
6717 6665
6665 6606
6227 6112
6227 6641
6227 6686
6227 6721
6227 6722
6227 6699
6227 6723
6227 6724
6227 6706
6227 6664
6227 6725
6227 6726
6227 6619
6227 6727
6227 6363
6648 6325
6648 6512
6648 6550
6648 6626
6648 6628
6648 6641
6648 6645
6648 6646
6648 6647
6732 6332
6732 6361
6732 6561
6732 6728
6732 6729
6732 6730
6732 6731
6732 6736
6852 6644
6852 6697
6852 6709
6852 6761
6852 6842
6852 6847
6852 6848
6852 6850
6224 6737
6224 6902
6224 6901
6224 6304
6224 6788
6224 6548
6224 6286
6224 6789
6224 6903
6224 6904
6224 6668
6737 6286
6737 6304
6737 6314
6737 6548
6737 6730
6737 6871
6737 6901
6737 6905
6737 6788
6737 6789
6737 6903
6737 6904
6901 6286
6901 6304
6901 6417
6901 6548
6901 6788
6901 6789
6901 6794
6901 6902
6901 6905
6901 6904
6905 6286
6905 6304
6905 6548
6905 6788
6905 6789
6905 6902
6905 6903
6304 6286
6304 6902
6304 6788
6304 6548
6304 6903
6304 6904
6548 6286
6548 6442
6548 6897
6548 6902
6548 6788
6548 6789
6548 6794
6548 6903
6548 6904
6286 6688
6286 6644
6286 6848
6286 6846
6286 6902
6286 6789
6286 6794
6286 6903
6286 6904
6789 6517
6789 6788
6789 6857
6789 6902
6789 6794
6789 6903
6789 6904
6794 6386
6794 6788
6794 6902
6794 6903
6794 6904
6903 6788
6903 6902
6904 6893
6904 6902
6904 6909
6908 6314
6908 6334
6908 6363
6908 6510
6908 6720
6908 6738
6908 6756
6908 6870
6908 6893
6908 6912
6908 6916
6908 6917
6925 6926
6925 6927
6925 6929
6925 6930
6925 6931
6925 6932
6926 6577
6926 6927
6926 6930
6926 6933
6926 6934
6926 6935
6926 6936
6927 6929
6927 6930
6927 6933
6929 6680
6929 6930
6929 6933
6930 6933
6930 6939
6933 6115
6933 6940
6142 6136
6142 6166
6142 6182
6142 6184
6142 6186
6142 6187
6142 6188
6142 6147
6166 6147
6166 6156
6166 6158
6166 6182
6166 6184
6166 6178
6166 6187
6166 6188
6166 6191
6182 6156
6182 6178
6182 6184
6182 6186
6182 6187
6182 6188
6182 6192
6184 6147
6184 6156
6184 6178
6184 6186
6184 6187
6186 6147
6186 6156
6186 6178
6186 6187
6186 6188
6156 6147
6156 6178
6156 6187
6156 6188
6178 6113
6178 6147
6178 6187
6178 6188
6178 6197
6188 6147
6188 6187
6188 6201
6147 6145
6147 6187
6353 6201
6353 6347
6353 6348
6353 6350
6353 6351
6353 6352
6353 6354
6353 6355
6353 6356
6353 6365
6353 6366
6418 6167
6418 6357
6418 6381
6418 6394
6418 6397
6418 6401
6418 6419
6401 6167
6401 6381
6401 6394
6401 6397
6401 6419
6401 6421
6419 6167
6419 6357
6419 6381
6419 6397
6419 6421
6419 6423
6419 6424
6421 6167
6421 6357
6421 6381
6421 6394
6421 6397
6397 6167
6397 6357
6397 6381
6397 6394
6397 6425
6357 6167
6357 6348
6357 6381
6357 6394
6381 6167
6381 6201
6381 6371
6381 6378
6381 6394
6167 6158
6167 6352
6167 6394
6109 6966
6109 6593
6109 7093
6109 6633
6109 6391
6109 7102
6109 6650
6111 7075
6111 6936
6111 6951
6111 7076
6111 7062
6111 7077
6111 6270
6111 7078
6111 6900
6111 7016
6112 6721
6112 6722
6112 6699
6112 6723
6112 6724
6112 6706
6112 6664
6112 6725
6112 6726
6112 6619
6112 6727
6113 6157
6113 6158
6113 6149
6113 6165
6113 6160
6113 6161
6113 6162
6113 6146
6113 6163
6115 6942
6115 6577
6115 6892
6115 6943
6115 6944
6115 6945
6115 6634
6115 6946
6115 6549
6115 6949
6115 6950
6115 6951
6966 6220
6966 6755
6966 6955
6966 6964
6966 6967
6966 6968
6966 6969
6593 6391
6593 7093
6593 6633
6593 7102
6593 6650
7093 6391
7093 6515
7093 6633
7093 6650
7093 7102
6633 6391
6633 7102
6633 6650
6391 6377
6391 7094
6391 7102
6391 6650
7102 6650
6650 6550
6650 7058
6650 7083
6332 6728
6332 6729
6332 6730
6332 6561
6332 6736
6332 6361
6332 6746
7075 6270
7075 6900
7075 6936
7075 7062
7075 7076
7075 7077
7075 7078
6936 6270
6936 6900
6936 6986
6936 6951
6936 7076
6936 7062
6936 7077
6936 7078
6951 6270
6951 6900
6951 7076
6951 7062
6951 7077
6951 7078
7076 6270
7076 6900
7076 7062
7076 7077
7076 7078
7062 6270
7062 6900
7062 6922
7062 7077
7062 7078
7077 6270
7077 7032
7077 7078
6270 6900
6270 7069
6900 6326
6900 7033
7016 6835
7016 7008
7016 7014
6721 6619
6721 6664
6721 6696
6721 6699
6721 6706
6721 6722
6721 6723
6721 6724
6721 6725
6721 6726
6721 6727
6722 6619
6722 6664
6722 6696
6722 6699
6722 6706
6722 6723
6722 6724
6722 6725
6722 6726
6722 6727
6699 6664
6699 6696
6699 6723
6699 6724
6699 6706
6699 6725
6699 6727
6723 6619
6723 6664
6723 6696
6723 6706
6723 6724
6723 6725
6723 6726
6723 6727
6724 6619
6724 6664
6724 6706
6724 6725
6724 6726
6724 6727
6706 6664
6706 6696
6706 6702
6706 6725
6706 6726
6706 6727
6664 6619
6664 6725
6664 6696
6664 6726
6664 6727
6725 6619
6725 6696
6725 6726
6725 6727
6726 6619
6726 6727
6619 6512
6619 6660
6619 6696
6619 6727
6727 6696
6157 6146
6157 6149
6157 6158
6157 6160
6157 6161
6157 6162
6157 6163
6157 6164
6158 6146
6158 6149
6158 6165
6158 6160
6158 6161
6158 6162
6158 6163
6149 6137
6149 6146
6149 6165
6149 6160
6149 6161
6149 6162
6149 6163
6149 6170
6165 6146
6165 6160
6165 6161
6165 6162
6165 6163
6160 6146
6160 6161
6160 6162
6160 6163
6161 6162
6162 6146
6162 6163
6146 6145
6146 6163
6136 6137
6136 6138
6136 6139
6136 6140
6942 6549
6942 6577
6942 6634
6942 6892
6942 6943
6942 6944
6942 6945
6942 6946
6942 6947
6577 6549
6577 6570
6577 6680
6577 6892
6577 6943
6577 6944
6577 6945
6577 6634
6577 6946
6577 6907
6892 6549
6892 6634
6892 6680
6892 6888
6892 6943
6892 6944
6943 6549
6943 6634
6943 6680
6943 6944
6943 6945
6943 6946
6943 6952
6944 6634
6944 6680
6944 6945
6944 6946
6945 6549
6945 6634
6945 6680
6945 6946
6945 6954
6634 6549
6634 6669
6634 6680
6634 6946
6634 6955
6946 6549
6946 6680
6946 6954
6549 6543
6549 6680
6949 6403
6949 6981
6949 6997
6949 6998
6949 7000
6949 6962
6949 6999
6949 6971
6949 6963
6950 6475
6950 6687
6950 6708
6950 6947
6950 7048
6950 7045
6950 7039
6950 7050
6950 7052
6950 7034
6950 6972
6291 6202
6291 6402
6291 6427
6291 6428
6291 6429
6291 6430
6291 6431
6291 6423
6291 6432
6291 6435
6291 6438
6291 6439
6131 6409
6131 6798
6131 6416
6131 7061
6131 6583
6131 7032
6131 7106
6131 7053
6131 7107
6131 6745
6131 7082
6131 6932
6135 6455
6135 6170
6135 6801
6135 6785
6135 6560
6135 6802
6135 6797
6135 6803
6135 6591
6389 6319
6389 6375
6389 6423
6389 6567
6389 6519
6389 6568
6389 6569
6389 6570
6519 6319
6519 6439
6519 6500
6519 6567
6519 6568
6519 6569
6519 6570
6568 6319
6568 6500
6568 6567
6568 6569
6568 6570
6568 6574
6569 6319
6569 6500
6569 6567
6569 6570
6569 6575
6570 6319
6570 6500
6570 6540
6570 6567
6570 6576
6454 6366
6454 6414
6454 6449
6454 6578
6454 6579
6454 6540
6454 6580
6454 6581
6454 6582
6454 6547
6454 6565
6454 6552
6409 6320
6409 6400
6409 6462
6409 6499
6409 6551
6409 6563
6798 6253
6798 6292
6798 6572
6798 6839
6798 6829
6798 6840
6798 6805
6416 6193
6416 6851
6416 7025
6416 7026
6416 6934
6416 7028
6416 7029
6416 6952
6416 6742
6416 6835
6416 6963
6416 6583
6416 7035
7061 6486
7061 6496
7061 6574
7061 6587
7061 6758
7061 6907
7061 6972
7061 6974
7061 7013
7061 7023
7061 7038
7061 7066
6583 6578
6583 7052
6583 7012
6583 7067
6583 7032
6583 7106
6583 7053
6583 7107
6583 6745
6583 7082
7032 6745
7032 6932
7032 7025
7032 7106
7032 7053
7032 7107
7032 7082
7106 6745
7106 6932
7106 7053
7106 7082
7053 6745
7053 6932
7053 7012
7053 7048
7053 7057
7053 7107
7107 6745
7107 6932
7107 7082
6745 6736
6745 7082
6745 6932
7082 6932
7082 7073
6932 6566
6187 6198
6455 6317
6455 6364
6455 6445
6455 6450
6455 6451
6455 6452
6455 6453
6170 6355
6170 6800
6170 6801
6170 6785
6170 6560
6170 6802
6170 6797
6170 6803
6170 6805
6801 6560
6801 6785
6801 6797
6801 6800
6801 6802
6801 6803
6801 6804
6785 6560
6785 6630
6785 6779
6785 6800
6785 6802
6785 6797
6785 6803
6560 6556
6560 6800
6560 6802
6560 6797
6560 6803
6560 6807
6560 6808
6802 6797
6802 6800
6802 6803
6797 6791
6797 6800
6797 6803
6803 6800
6591 6528
6591 6754
6591 6809
6591 6810
6591 6811
6591 6812
6591 6813
6591 6815
6591 6666
6137 6145
6137 6138
6137 6139
6137 6140
6138 6145
6138 6139
6139 6145
6139 6140
6140 6145
6314 6510
6314 6893
6314 6334
6314 6738
6314 6870
6314 6916
6314 6720
6314 6363
6314 6917
6314 6756
6314 6861
6314 6832
6841 6253
6841 6572
6841 6829
6841 6839
6841 6840
6841 6846
6910 6386
6910 6787
6910 6805
6910 6830
6910 6911
6910 6912
6910 6913
6910 6914
6911 6386
6911 6787
6911 6805
6911 6830
6911 6869
6911 6912
6911 6913
6911 6914
6912 6386
6912 6787
6912 6805
6912 6830
6912 6869
6912 6914
6869 6386
6869 6805
6869 6830
6869 6836
6869 6914
6869 6909
6913 6386
6913 6787
6913 6805
6913 6830
6913 6914
6805 6386
6805 6787
6805 6830
6805 6914
6386 6830
6386 6914
6386 6787
6830 6458
6830 6787
6830 6914
6914 6787
6787 6781
6230 6235
6235 6242
6235 6244
6198 6164
7020 6267
7020 6653
7020 6922
7020 7012
7020 7017
7020 7033
7020 7058
7020 7034
7020 7038
6164 6334
6334 6700
6334 6510
6334 6893
6334 6738
6334 6870
6334 6916
6334 6720
6334 6363
6334 6917
6334 6756
6334 6861
6191 6957
6191 7091
6191 6954
6191 6931
6191 6862
6191 7066
6191 7014
6352 6347
6352 6348
6352 6350
6352 6351
6352 6354
6352 6355
6352 6356
6352 6364
6394 6380
6355 6347
6355 6348
6355 6350
6355 6351
6355 6354
6355 6356
6800 6804
6685 6601
6685 6629
6685 6659
6685 6684
6685 6686
6701 6278
6701 6660
6701 6688
6701 6702
6701 6703
6689 6278
6689 6660
6689 6686
6689 6688
6689 6702
6689 6703
6689 6704
6660 6278
6660 6657
6660 6702
6660 6688
6660 6704
6702 6278
6702 6678
6702 6688
6702 6703
6702 6704
6702 6705
6703 6278
6703 6678
6703 6688
6703 6704
6703 6708
6278 6688
6278 6704
6704 6709
6197 6506
6197 6492
6197 6457
6197 6513
6739 6561
6739 6771
6739 6777
6192 6542
6192 6442
6192 6543
6192 6362
6192 6529
6192 6318
6192 6516
6192 6545
6192 6388
6193 7025
6193 7026
6193 6934
6193 7028
6193 7029
6193 6952
6193 6742
6193 6835
6193 6963
6193 6859
6201 6319
6201 6403
6202 6427
6202 6428
6202 6429
6202 6430
6202 6431
6202 6423
6202 6432
6202 6435
6957 6884
6957 6956
6957 6958
6957 6959
6957 6960
6957 6961
7091 6228
7091 6494
7091 6515
7091 6632
7091 6677
7091 7065
7091 7094
7091 7092
6954 6922
6954 6931
6954 7066
6954 7014
6931 6862
6931 7087
6931 7066
6931 7014
6862 6837
6862 6849
6862 7014
7014 6982
7014 7013
7014 7054
7014 7079
6542 6318
6542 6362
6542 6388
6542 6442
6542 6461
6542 6516
6542 6544
6542 6545
6442 6318
6442 6362
6442 6388
6442 6431
6442 6543
6442 6529
6442 6544
6442 6516
6442 6545
6442 6547
6543 6318
6543 6362
6543 6388
6543 6516
6543 6544
6543 6545
6362 6318
6362 6350
6362 6365
6362 6529
6362 6544
6362 6516
6362 6545
6362 6388
6529 6318
6529 6388
6529 6516
6529 6525
6529 6550
6318 6544
6318 6516
6318 6545
6318 6388
6516 6456
6516 6457
6516 6544
6516 6545
6516 6551
6545 6388
6545 6544
6545 6552
6388 6375
6388 6483
6388 6544
7025 6742
7025 6835
7025 6934
7025 6952
7025 6963
7025 7026
7025 7028
7025 7029
7025 7031
7026 6742
7026 6758
7026 6835
7026 6934
7026 6952
7026 7028
7026 7029
6934 6835
6934 7028
6934 7029
6934 6952
6934 6963
7028 6742
7028 6835
7028 6952
7028 7012
7028 7029
7028 7034
7028 7036
7028 7037
7029 6742
7029 6835
7029 6952
7029 6963
7029 7038
6952 6742
6952 6835
6952 6919
6952 6963
6742 6561
6742 6835
6742 6963
6835 6825
6835 6963
6963 6486
6963 6884
6963 7021
6963 7039
6859 6522
6859 6653
6859 6761
6859 6868
6859 7055
6859 7047
6859 7070
6859 7071
6859 6983
6859 7003
6859 7063
6859 7072
6895 6265
6895 6326
6895 6417
6895 6472
6895 6777
6895 6816
6895 6833
6895 6860
6895 6871
6895 6897
6895 6896
6506 6414
6506 6457
6492 6369
6492 6457
6457 6400
6457 6450
6513 6294
6513 6319
6513 6433
6513 6498
6513 6523
6513 6524
6513 6526
6513 6525
6758 6486
6758 6587
6758 6907
6758 6974
6758 6972
6758 7023
6319 6439
6319 6567
6319 6500
6403 6268
6403 6305
6403 7112
6403 7096
6403 6679
6403 7024
6403 7001
6403 7044
6403 7113
6403 7114
6403 7035
6427 6402
6427 6423
6427 6429
6427 6430
6427 6431
6427 6432
6427 6435
6428 6402
6428 6423
6428 6429
6428 6430
6428 6432
6428 6435
6429 6402
6429 6423
6429 6431
6429 6432
6429 6435
6430 6402
6430 6431
6430 6432
6430 6435
6431 6400
6431 6402
6431 6423
6431 6432
6431 6441
6431 6444
6423 6402
6423 6432
6423 6435
6423 6445
6423 6446
6432 6358
6432 6402
6432 6435
6298 6989
6298 6920
6298 6990
6298 6991
6298 6992
6298 6993
6220 6582
6220 6755
6220 6955
6220 6967
6220 6964
6220 6968
6220 6939
6220 6969
6582 6366
6582 6540
6582 6547
6582 6565
6582 6578
6582 6579
6582 6580
6582 6581
6755 6955
6755 6967
6755 6964
6755 6968
6755 6939
6755 6969
6955 6939
6955 6967
6955 6964
6955 6968
6955 6969
6955 6971
6967 6939
6967 6964
6967 6968
6967 6969
6967 6972
6964 6939
6964 6958
6964 6968
6964 6969
6968 6969
6968 6973
6968 6974
6939 6961
6939 6969
6228 6991
6228 7083
6228 6515
6228 6494
6228 7065
6228 6632
6228 7094
6228 6677
6228 7092
6902 6788
6788 6783
6788 6907
6668 6630
6668 6642
6668 6746
6668 6909
6668 6828
6668 6713
6668 6918
6668 6923
6668 6832
6369 6356
6369 6488
6369 6489
6369 6490
6369 6460
6369 6491
6493 6460
6493 6488
6493 6489
6493 6490
6493 6491
6488 6460
6488 6489
6488 6490
6488 6491
6488 6494
6489 6460
6489 6490
6489 6491
6489 6496
6490 6460
6490 6491
6460 6453
6460 6491
6460 6497
6460 6498
6460 6499
6460 6500
6491 6502
6495 6573
6495 6865
6495 6885
6495 6886
6495 6887
6495 6888
6495 6889
6641 6325
6641 6512
6641 6550
6641 6626
6641 6636
6641 6645
6641 6646
6641 6647
6641 6653
6686 6601
6686 6629
6686 6659
6686 6683
6686 6684
6363 6351
6363 6822
6363 6510
6363 6893
6363 6738
6363 6870
6363 6720
6363 6756
6363 6861
6991 6920
6991 6973
6991 6989
6991 6990
6991 6994
6991 6993
7083 6268
7083 6752
7083 6765
7083 6837
7083 6919
7083 6924
7083 7069
7083 7086
7083 7087
6515 6494
6515 7065
6515 6632
6515 6677
6515 7092
6494 7065
6494 6632
6494 7094
6494 6677
6494 7092
7065 6486
7065 6677
7065 7094
7065 7092
6632 6855
6632 7049
6632 7094
6632 6677
7094 6677
6677 6658
6677 6960
6677 7092
6677 7096
6561 6361
6561 6557
6561 6728
6561 6729
6561 6730
6561 6731
6561 6736
6561 6740
6244 7017
6244 7018
6244 7021
6244 7019
6244 6682
6244 6845
6244 7023
6601 6659
6601 6683
6601 6684
6601 6629
6294 6523
6294 6524
6294 6433
6294 6526
6294 6441
6294 6525
6294 6498
6294 6528
6295 6654
6295 6614
6295 6655
6295 6656
6295 6631
6295 6628
6295 6657
7017 6682
7017 6845
7017 6986
7017 7003
7017 7018
7017 7019
7018 6682
7018 6845
7018 6986
7018 7021
7021 6682
7021 6845
7021 6986
7021 7019
7021 7024
7019 6682
7019 6734
7019 6845
7019 6986
6682 6672
6682 6986
6682 6845
6845 6840
6845 6986
7023 6444
7023 6486
7023 6496
7023 6574
7023 6587
7023 6907
7023 6972
7023 7013
6253 6572
6253 6839
6253 6829
6253 6840
6254 6502
6254 6531
6254 6532
6254 6533
6254 6534
6254 6535
6254 6528
6282 6535
6282 6528
6282 6360
6282 6584
6282 6589
6282 6575
6282 6590
6284 6847
6284 6644
6284 6848
6284 6709
6284 6761
6284 6697
6284 6849
6284 6842
6284 6850
6572 6500
6572 6839
6572 6829
6572 6842
6839 6829
6839 6840
6839 6844
6829 6458
6829 6840
6502 6441
6502 6531
6502 6532
6502 6533
6502 6534
6502 6535
6502 6536
6531 6532
6531 6533
6531 6538
6531 6534
6531 6535
6532 6538
6532 6534
6532 6535
6533 6538
6533 6534
6533 6535
6534 6538
6534 6540
6535 6538
6528 6360
6528 6584
6528 6589
6528 6575
6528 6590
6763 6779
6763 6780
6763 6783
6763 6786
6764 6458
6764 6700
6764 6782
6764 6815
6764 6821
6764 6822
6764 6823
6764 6824
6764 6825
6764 6826
6764 6804
6764 6807
6764 6827
6765 6752
6765 7086
6765 6924
6765 7069
6765 6919
6765 6837
6265 6833
6265 6860
6265 6897
6265 6814
6265 6896
6265 6816
6265 6326
6265 6777
6265 6417
6265 6871
6265 6734
6267 7033
6267 7058
6267 7034
6267 7038
6267 6922
6267 7012
6267 7063
6268 7079
6268 7073
6268 7080
6268 7081
6268 7037
6833 6326
6833 6472
6833 6777
6833 6814
6833 6816
6833 6825
6833 6883
6833 6860
6833 6896
6833 6871
6860 6326
6860 6417
6860 6472
6860 6697
6860 6777
6860 6816
6860 6883
6860 6897
6860 6896
6860 6871
6897 6326
6897 6417
6897 6472
6897 6777
6897 6816
6897 6896
6814 6326
6814 6417
6814 6472
6814 6754
6814 6777
6814 6883
6814 6896
6814 6816
6814 6871
6814 6893
6896 6417
6896 6472
6896 6777
6896 6816
6896 6871
6816 6326
6816 6417
6816 6472
6816 6777
6816 6809
6816 6855
6816 6883
6326 6883
6326 6472
6326 6777
6326 6417
6326 6871
6326 6746
6326 6713
6777 6417
6777 6713
6777 6883
6777 6871
6417 6883
6417 6472
6417 6871
6871 6472
6871 6740
6871 6883
6734 6475
6734 6687
6734 6708
6734 6728
6734 7048
6734 7049
6734 7045
6734 6947
6734 7039
6734 7050
6734 7051
6734 7052
6734 6868
6316 6606
6316 6642
7033 6922
7033 6935
7033 7012
7033 7058
7033 7034
7033 7038
7033 7059
7058 7012
7058 7034
7034 6653
7034 6922
7034 6974
7034 7012
7034 7038
7038 6496
7038 6922
7038 7012
7038 7047
6922 7012
7012 6574
7012 6982
7012 7051
7063 6522
7063 6653
7063 6868
7063 6983
7063 7003
7063 7047
7063 7055
7063 7070
7063 7071
7079 7073
7079 7080
7079 7081
7073 6653
7073 7080
7073 7081
7080 7081
7037 6518
7037 7098
7037 7059
7037 7099
6671 6410
6671 6658
6671 6669
6671 6673
6671 6674
6671 6675
6671 6680
6659 6614
6659 6629
6659 6683
6659 6684
6683 6629
6683 6684
6683 6688
6684 6629
6684 6678
6629 6566
6687 6475
6687 7048
6687 6708
6687 7049
6687 7045
6687 7039
6687 7050
6687 7051
6687 7052
6687 6868
6475 6438
6475 6791
6475 7048
6475 6708
6475 7049
6475 7045
6475 6947
6475 7039
6475 7050
6475 7051
6475 7052
7069 6752
7069 6837
7069 6919
7069 7068
7069 7086
7069 7087
6360 6584
6360 6589
6360 6575
6360 6590
6584 6575
6584 6581
6584 6589
6584 6590
6589 6575
6589 6590
6575 6590
6575 6592
6847 6644
6847 6697
6847 6709
6847 6761
6847 6842
6847 6851
6847 6848
6847 6849
6847 6850
6644 6638
6644 6666
6644 6851
6644 6848
6644 6709
6644 6761
6644 6697
6644 6849
6644 6850
6644 6855
6848 6697
6848 6709
6848 6761
6848 6842
6848 6851
6848 6849
6848 6850
6709 6697
6709 6851
6709 6761
6709 6849
6709 6842
6709 6850
6709 6857
6761 6697
6761 6744
6761 6851
6761 6842
6697 6851
6697 6849
6697 6842
6697 6850
6849 6842
6849 6851
6849 6850
6849 6861
6842 6851
6842 6850
6842 6863
6842 6844
6850 6297
6850 6851
6846 6817
6846 6844
6846 6873
6846 6874
6846 6855
6846 6863
6846 6875
6297 6864
6297 6819
6297 6744
6297 6857
6297 6836
6297 6573
6297 6740
6292 6791
6705 6458
6705 6643
6705 6667
6705 6676
6705 6678
6705 6710
6705 6711
6705 6713
6720 6874
6720 6893
6720 6738
6720 6870
6720 6916
6720 6756
6720 6861
6402 6366
6402 6433
6438 6384
6438 6463
6438 6464
6438 6465
6438 6459
6438 6466
6438 6467
6439 6358
6439 6365
6439 6370
6439 6392
6439 6469
6439 6497
6439 6470
6439 6485
6439 6483
6439 6456
6439 6520
6523 6414
6523 6433
6523 6441
6523 6498
6523 6524
6523 6525
6524 6433
6524 6441
6524 6498
6524 6526
6524 6525
6433 6526
6433 6441
6433 6525
6526 6441
6526 6498
6526 6525
6441 6525
6441 6498
6525 6498
6654 6614
6654 6628
6654 6631
6654 6649
6654 6655
6654 6656
6654 6657
6614 6325
6614 6656
6614 6649
6614 6631
6614 6628
6614 6658
6655 6628
6655 6631
6655 6649
6655 6656
6656 6628
6656 6631
6656 6649
6656 6657
6631 6628
6631 6649
6628 6512
6628 6649
6628 6657
6657 6649
6864 6573
6864 6740
6864 6819
6864 6836
6864 6857
6864 6865
6819 6573
6819 6666
6819 6740
6819 6857
6819 6836
6744 6573
6744 6731
6744 6740
6744 6774
6744 6857
6744 6836
6744 6757
6744 6868
6857 6573
6857 6740
6857 6772
6857 6836
6836 6573
6836 6700
6836 6740
6836 6837
6573 6500
6573 6740
6573 6817
6573 6870
6740 6872
6989 6920
6989 6982
6989 6990
6989 6992
6989 6993
6920 6917
6920 6994
6920 6990
6920 6992
6920 6993
6990 6994
6990 6992
6990 6993
6992 6994
6992 6993
6993 6994
6305 6907
6305 7054
6305 7112
6305 7096
6305 6679
6305 7024
6305 7001
6305 7044
6305 7113
6305 7114
6907 6444
6907 6496
6907 6574
6907 6974
6907 6972
6907 7013
7054 6708
7054 6872
7054 6935
7054 7031
7054 7036
7054 7068
7054 7067
7112 6679
7112 7001
7112 7024
7112 7035
7112 7044
7112 7096
7112 7113
7112 7114
7096 6679
7096 7001
7096 7024
7096 7044
7096 7113
7096 7114
6679 6410
6679 7024
6679 7001
6679 7044
6679 7113
6679 7114
6679 7035
7024 6983
7024 7001
7024 7044
7024 7114
7024 7035
7001 6998
7001 7072
7001 7044
7001 7113
7001 7035
7044 7035
7044 7113
7044 7114
7113 7035
7113 7114
7114 7035
6347 6348
6347 6350
6347 6351
6347 6354
6347 6356
6348 6350
6348 6351
6348 6354
6348 6356
6348 6358
6350 6351
6350 6356
6351 6356
6354 6356
6356 6370
6361 6728
6361 6729
6361 6730
6361 6731
6382 6371
6382 6474
6382 6424
6382 6576
6382 6562
6382 6585
6382 6446
6382 6586
6382 6425
6325 6645
6325 6550
6325 6626
6325 6646
6325 6647
6325 6512
6317 6449
6317 6445
6317 6450
6317 6451
6317 6452
6317 6364
6317 6453
6320 6462
6320 6487
6320 6400
6320 6551
6320 6563
6510 6738
6510 6870
6510 6916
6510 6917
6510 6861
6893 6738
6893 6756
6893 6861
6893 6883
6893 6917
6893 6909
6738 6730
6738 6870
6738 6916
6738 6917
6738 6756
6738 6861
6870 6756
6870 6916
6870 6917
6870 6918
6916 6756
6916 6861
6916 6917
6916 6919
6917 6756
6917 6861
6756 6861
6861 6772
6832 6630
6832 6746
6832 6824
6832 6828
6832 6909
6832 6918
6832 6923
6606 6647
6606 6642
6642 6636
6449 6364
6449 6445
6449 6450
6449 6451
6449 6452
6449 6453
6445 6364
6445 6414
6445 6450
6445 6451
6445 6452
6445 6453
6445 6456
6450 6364
6450 6451
6450 6452
6450 6453
6450 6458
6451 6364
6451 6452
6451 6453
6451 6459
6452 6364
6452 6453
6364 6453
6453 6461
6453 6462
6567 6500
6462 6400
6462 6499
6462 6487
6462 6563
6487 6474
6487 6555
6487 6499
6487 6551
6487 6563
6400 6559
6400 6499
6400 6551
6400 6563
6551 6499
6551 6563
6563 6499
6563 6565
6563 6566
6669 6658
6669 6667
6669 6672
6669 6673
6669 6674
6658 6410
6658 6672
6658 6673
6658 6674
6658 6675
6658 6676
6410 6672
6410 6673
6410 6674
6410 6675
6410 6678
6672 6673
6672 6675
6673 6674
6673 6675
6674 6643
6674 6675
6645 6512
6645 6550
6645 6646
6645 6647
6645 6649
6550 6512
6550 6626
6550 6646
6550 6647
6626 6512
6626 6646
6626 6647
6646 6512
6646 6647
6647 6512
6512 6636
6883 6472
6883 6877
6472 6458
6472 6464
6472 6882
6746 6630
6746 6713
6746 6909
6746 6828
6746 6918
6746 6923
6713 6630
6713 6828
6713 6923
6713 6924
6728 6729
6728 6730
6728 6731
6729 6730
6729 6731
6729 6736
6730 6731
6730 6736
6736 6731
6700 6458
6700 6821
6700 6822
6700 6823
6700 6824
6700 6826
6700 6804
6700 6807
6700 6827
6700 6774
6700 6837
6509 6636
6509 6603
6509 6605
6509 6635
6509 6637
6509 6638
6509 6639
6566 6520
6566 6592
6566 6975
6566 6976
6566 6977
6566 6978
6566 6979
6566 6962
6342 6425
6342 6865
6342 6891
6342 6887
6342 6888
6342 6889
6425 6424
6425 6580
6425 6562
6425 6585
6425 6446
6425 6586
6865 6885
6865 6886
6865 6887
6865 6888
6865 6889
6891 6885
6891 6886
6891 6888
6891 6889
6887 6885
6887 6886
6887 6888
6888 6886
6888 6889
6889 6885
6889 6886
6399 7004
6399 6973
6399 7005
6399 7006
6399 6982
6399 6985
6399 7007
6399 6940
6399 7008
6947 6708
6947 7048
6947 7049
6947 7045
6947 7039
6947 7050
6947 7051
6947 7052
6371 6372
6371 6373
6371 6374
6371 6375
6371 6376
6371 6377
6371 6378
6371 6379
6371 6380
6372 6373
6372 6374
6372 6375
6372 6376
6372 6377
6372 6378
6372 6379
6372 6380
6373 6374
6373 6375
6373 6376
6373 6377
6373 6378
6373 6379
6373 6380
6374 6375
6374 6376
6374 6377
6374 6379
6374 6380
6375 6376
6375 6377
6375 6378
6375 6379
6375 6380
6376 6377
6376 6378
6376 6379
6376 6380
6377 6378
6377 6379
6377 6380
6378 6379
6378 6380
6378 6392
6379 6380
6384 6463
6384 6464
6384 6465
6384 6459
6384 6466
6384 6467
6358 6469
6358 6470
6358 6485
6358 6483
6358 6392
6358 6456
6358 6365
6365 6469
6365 6370
6365 6497
6365 6470
6365 6485
6365 6483
6365 6392
6365 6456
6366 6579
6366 6540
6366 6580
6366 6581
6366 6414
6366 6565
6366 6552
6370 6469
6370 6470
6370 6485
6370 6483
6370 6392
6370 6456
6469 6392
6469 6456
6469 6463
6469 6470
6469 6485
6469 6483
6470 6392
6470 6456
6470 6464
6470 6497
6470 6485
6470 6483
6470 6518
6485 6392
6485 6483
6485 6497
6483 6392
6483 6456
6483 6497
6392 6497
6392 6456
6456 6497
6456 6522
6822 6458
6822 6774
6822 6804
6822 6807
6822 6821
6822 6823
6822 6824
6822 6826
6822 6827
6497 6517
6579 6414
6579 6547
6579 6552
6579 6565
6579 6578
6579 6580
6579 6581
6540 6414
6540 6578
6540 6580
6540 6581
6540 6547
6540 6552
6580 6552
6580 6565
6580 6578
6580 6581
6581 6414
6581 6547
6581 6552
6581 6565
6581 6578
6414 6578
6414 6547
6414 6565
6414 6552
6565 6547
6565 6552
6565 6578
6552 6547
6552 6578
6474 6424
6474 6446
6474 6467
6474 6576
6474 6562
6474 6585
6474 6586
6424 6576
6424 6562
6424 6446
6424 6586
6424 6587
6576 6446
6576 6585
6576 6586
6562 6446
6562 6585
6562 6586
6585 6446
6446 6586
6463 6459
6463 6464
6463 6465
6463 6466
6463 6467
6464 6459
6464 6465
6464 6466
6464 6467
6465 6459
6465 6466
6465 6467
6459 6466
6459 6467
6466 6467
6458 6821
6458 6823
6458 6824
6458 6825
6458 6826
6458 6804
6458 6807
6458 6774
6824 6774
6824 6807
6824 6821
6824 6825
6824 6826
6824 6827
6825 6774
6825 6804
6825 6807
6825 6821
6825 6823
6825 6826
6825 6827
6826 6774
6826 6804
6826 6807
6826 6821
6826 6823
6826 6827
6804 6774
6804 6823
6807 6774
6807 6821
6807 6823
6807 6827
6827 6774
6827 6823
7004 6940
7004 6973
7004 6982
7004 6985
7004 7005
7004 7006
7004 7007
7004 7008
7004 7009
6973 6940
6973 6979
6973 7005
6973 7006
6973 6982
6973 6985
6973 7007
6973 7008
6973 7009
7005 6982
7005 6985
7005 7007
7005 7008
7005 7009
7006 6940
7006 6982
7006 6985
7006 7008
7006 7009
6982 6940
6982 6975
6982 6985
6982 7007
6982 7008
6982 7009
6982 7013
6985 6940
6985 6977
6985 7007
6985 7008
6985 7009
7007 6940
7007 7008
6940 7008
6940 7009
7008 7009
6559 6461
6559 6555
6559 6556
6559 6557
7035 7086
6678 6536
6678 6643
6678 6667
6678 6676
6678 6710
6678 6711
6630 6909
6630 6828
6630 6918
6630 6923
6578 6547
7031 6872
7031 6935
7031 7036
7031 7068
7031 7067
6587 6486
6587 6496
6587 6574
6587 7045
6587 6974
6587 6972
6587 7013
6444 6974
6444 6972
6444 6486
6444 6574
6444 7013
6666 6754
6666 6809
6666 6810
6666 6811
6666 6812
6666 6813
6666 6815
6520 6592
6520 6975
6520 6976
6520 6977
6520 6978
6520 6752
6974 6486
6974 6496
6974 6574
6974 6972
6974 7049
6974 7013
6972 6496
6972 6574
6972 7013
6486 6496
6486 6574
6486 7013
6574 6496
6574 6592
6574 7013
7013 6496
6461 6554
6461 6555
6461 6556
6461 6557
6522 7009
6522 6653
6522 7047
6522 7070
6522 7071
6522 6983
6522 7003
6522 7072
6821 6774
6821 6823
6823 6774
6823 6828
6554 6555
6554 6556
6554 6557
6555 6556
6555 6557
6556 6557
6518 7097
6518 7098
6518 7059
6518 7057
6518 7099
6882 6757
6882 6808
6882 6876
6882 6877
6882 6878
6882 6879
6882 6880
6882 6881
6935 6872
6935 7036
6935 7068
6935 7067
7048 6708
7048 7039
7048 7045
7048 7049
7048 7050
7048 7051
7048 7052
6708 7049
6708 7045
6708 7050
6708 7051
7049 7039
7049 7050
7049 7051
7049 7052
7045 7039
7045 7050
7045 7051
7045 7052
7039 7050
7039 7051
7039 7052
7039 7055
7050 7051
7051 7052
7052 7057
6885 6886
6517 6779
6517 6780
6517 6781
6517 6782
6517 6783
6517 6786
6610 6615
6610 6611
6611 6615
6536 6643
6536 6667
6536 6676
6536 6711
6636 6603
6636 6605
6636 6635
6636 6637
6636 6638
6636 6639
6603 6605
6603 6635
6603 6637
6603 6638
6603 6639
6605 6637
6605 6638
6635 6638
6635 6639
6637 6638
6637 6639
6638 6639
6638 6643
6779 6780
6779 6781
6779 6782
6779 6783
6780 6781
6780 6782
6780 6783
6780 6786
6781 6782
6781 6783
6781 6786
6782 6783
6782 6786
6783 6786
7097 7057
7097 7059
7097 7098
7097 7099
7098 7057
7098 7059
7098 7099
7059 6752
7059 7057
7059 7087
7059 7099
7057 7099
6592 6975
6592 6976
6592 6977
6592 6978
6592 6979
6975 6976
6975 6977
6975 6978
6975 6979
6975 6981
6975 6983
6976 6977
6976 6978
6976 6979
6977 6978
6977 6979
6977 6986
6978 6979
6978 6986
6752 7086
6752 7087
6752 6924
6752 6919
6752 6837
6653 6868
6653 7055
6653 7070
6653 7071
6653 6983
6653 7003
6653 7072
7047 6868
7047 6983
7047 7070
7047 7071
7047 7072
7070 6868
7070 6983
7070 7003
7070 7071
7070 7072
7071 6868
7071 6983
7071 7003
7071 7055
7071 7072
6983 6868
6983 7036
6983 7055
6983 7003
6983 7072
7003 6868
7003 6924
7003 6962
7003 7055
7003 7072
7072 6868
6643 6710
6643 6676
6643 6711
6667 6676
6676 6711
6711 6710
6808 6772
6808 6876
6808 6877
6808 6879
6808 6880
6808 6881
6962 6884
6962 6981
6962 6997
6962 6998
6962 7000
6962 6999
6962 6971
6817 6813
6817 6873
6817 6874
6817 6855
6817 6875
6817 6844
7067 6872
7067 7036
7067 7068
6754 6809
6754 6810
6754 6811
6754 6812
6754 6813
6809 6810
6809 6811
6809 6812
6809 6815
6810 6811
6810 6812
6810 6813
6810 6815
6811 6813
6811 6815
6812 6813
6812 6815
6813 6815
6909 6918
6909 6923
6828 6918
6828 6923
6918 6923
6855 6844
6855 6873
6855 6874
6855 6863
6855 6875
6868 7055
6960 6956
6960 6958
6960 6961
6837 7086
6837 7087
6837 6924
6837 6919
6924 6919
6924 7086
6924 7087
6874 6844
6874 6863
6874 6873
6874 6875
6872 7036
6872 7068
6757 6772
6757 6876
6757 6877
6757 6878
6757 6879
6757 6880
7086 6919
7086 7087
7087 6919
6772 6876
6772 6877
6772 6878
6772 6879
6772 6880
6772 6881
6876 6878
6876 6879
6876 6880
6876 6881
6877 6878
6877 6879
6877 6880
6877 6881
6878 6879
6878 6880
6878 6881
6879 6880
6879 6881
6879 6884
6880 6881
6959 6884
6959 6956
6959 6958
6959 6961
6873 6844
6873 6863
6873 6875
6875 6844
6875 6863
6884 6956
6884 6958
6956 6958
6956 6961
6958 6961
6981 6971
6981 6997
6981 6998
6981 6999
6997 6998
6997 7000
6997 6999
6998 6971
6998 7000
6998 6999
7000 6971
7000 6999
6999 6971
